scoring 122 records  zones=["TRAIN"] sources=["mitdb", "svdb", "nsrdb", "stdb", "qtdb", "ltdb"] lead=0 tol=150ms gate=false
source       record   zone    nref      TP      FP      FN      Se%     PPV%    bad%
stdb            305  TRAIN    1036    1015     132      21   97.973   88.492    0.26
stdb            319  TRAIN    2559    2549     374      10   99.609   87.205    0.81
mitdb           207  TRAIN    1860    1854     266       6   99.677   87.453    0.78
mitdb           108  TRAIN    1763    1736     192      27   98.469   90.041    3.38
mitdb           203  TRAIN    2980    2813      17     167   94.396   99.399    0.68
svdb            865  TRAIN    3162    3155     185       7   99.779   94.461    0.00
mitdb           201  TRAIN    1963    1899       0      64   96.740  100.000    0.39
svdb            886  TRAIN    2223    2215      63       8   99.640   97.234    0.00
svdb            805  TRAIN    2298    2296      56       2   99.913   97.619    0.00
mitdb           208  TRAIN    2955    2894       4      61   97.936   99.862    0.39
stdb            312  TRAIN    2340    2337      36       3   99.872   98.483    0.00
svdb            842  TRAIN    2559    2525       6      34   98.671   99.763    0.00
svdb            848  TRAIN    4259    4199       1      60   98.591   99.976    0.40
svdb            854  TRAIN    2732    2722      27      10   99.634   99.018    0.07
mitdb           116  TRAIN    2412    2387       2      25   98.964   99.916    0.83
nsrdb         19830  TRAIN  109332  109273    1085      59   99.946   99.017    9.44
mitdb           106  TRAIN    2027    2008       0      19   99.063  100.000    0.06
svdb            870  TRAIN    2678    2654       1      24   99.104   99.962    0.18
svdb            860  TRAIN    2418    2414      18       4   99.835   99.260    0.07
svdb            859  TRAIN    3542    3512       1      30   99.153   99.972    0.10
svdb            876  TRAIN    2141    2137      14       4   99.813   99.349    0.00
svdb            888  TRAIN    2313    2310      16       3   99.870   99.312    0.04
svdb            885  TRAIN    1960    1955      10       5   99.745   99.491    0.07
svdb            843  TRAIN    2708    2694       3      14   99.483   99.889    1.40
svdb            881  TRAIN    2263    2251       2      12   99.470   99.911    0.00
svdb            877  TRAIN    2038    2035       9       3   99.853   99.560    0.00
stdb            324  TRAIN    1740    1737       7       3   99.828   99.599    0.26
stdb            321  TRAIN    2115    2113      10       2   99.905   99.529    0.00
svdb            801  TRAIN    2509    2500       5       9   99.641   99.800    0.00
stdb            315  TRAIN    3274    3268      12       6   99.817   99.634    0.00
stdb            318  TRAIN    3531    3527      15       4   99.887   99.577    0.00
svdb            857  TRAIN    2584    2580       9       4   99.845   99.652    0.06
stdb            314  TRAIN    2121    2119       8       2   99.906   99.624    0.00
qtdb         sel114  TRAIN     862     861       3       1   99.884   99.653    0.03
mitdb           217  TRAIN    2208    2200       2       8   99.638   99.909    0.14
svdb            884  TRAIN    2883    2878       6       5   99.827   99.792    0.10
mitdb           101  TRAIN    1865    1862       4       3   99.839   99.786    0.22
svdb            866  TRAIN    2666    2660       4       6   99.775   99.850    0.18
svdb            849  TRAIN    2161    2158       5       3   99.861   99.769    0.39
svdb            828  TRAIN    1913    1910       4       3   99.843   99.791    0.00
ltdb          14149  TRAIN  144818  144388      69     430   99.703   99.952    2.84
stdb            303  TRAIN    3005    3001       6       4   99.867   99.800    0.00
stdb            322  TRAIN    1508    1505       2       3   99.801   99.867    0.00
stdb            317  TRAIN    2776    2769       2       7   99.748   99.928    0.00
svdb            893  TRAIN    2528    2523       3       5   99.802   99.881    0.17
svdb            810  TRAIN    1903    1899       2       4   99.790   99.895    0.00
stdb            327  TRAIN    1270    1268       2       2   99.843   99.843    0.21
svdb            846  TRAIN    1681    1678       2       3   99.822   99.881    0.00
svdb            887  TRAIN    2690    2688       6       2   99.926   99.777    0.00
nsrdb         18177  TRAIN  115911  115902     327       9   99.992   99.719   13.41
nsrdb         19090  TRAIN   81391   81390     234       1   99.999   99.713   20.47
svdb            861  TRAIN    2472    2467       2       5   99.798   99.919    0.14
svdb            855  TRAIN    2540    2533       0       7   99.724  100.000    0.00
mitdb           114  TRAIN    1879    1878       4       1   99.947   99.787    1.29
stdb            313  TRAIN    2701    2699       5       2   99.926   99.815    0.00
nsrdb         17052  TRAIN   87356   87354     214       2   99.998   99.756    8.29
svdb            856  TRAIN    2853    2849       3       4   99.860   99.895    0.07
mitdb           109  TRAIN    2532    2527       1       5   99.803   99.960    0.00
svdb            889  TRAIN    1709    1707       2       2   99.883   99.883    0.00
svdb            890  TRAIN    2174    2170       1       4   99.816   99.954    0.00
qtdb         sel223  TRAIN    1309    1306       0       3   99.771  100.000    0.00
svdb            862  TRAIN    2188    2183       0       5   99.771  100.000    0.00
svdb            852  TRAIN    2664    2660       2       4   99.850   99.925    0.00
svdb            807  TRAIN    1942    1938       0       4   99.794  100.000    0.00
stdb            311  TRAIN    3009    3007       4       2   99.934   99.867    0.00
stdb            326  TRAIN    2075    2073       2       2   99.904   99.904    0.01
svdb            863  TRAIN    3124    3118       0       6   99.808  100.000    0.00
stdb            323  TRAIN    5290    5287       7       3   99.943   99.868    0.05
mitdb           205  TRAIN    2656    2651       0       5   99.812  100.000    0.26
qtdb         sel230  TRAIN    1077    1075       0       2   99.814  100.000    0.00
nsrdb         18184  TRAIN  102313  102307     182       6   99.994   99.822   11.91
svdb            868  TRAIN    3348    3342       0       6   99.821  100.000    0.00
svdb            874  TRAIN    2240    2236       0       4   99.821  100.000    0.00
mitdb           215  TRAIN    3363    3357       0       6   99.822  100.000    0.00
svdb            892  TRAIN    2843    2839       1       4   99.859   99.965    0.00
mitdb           118  TRAIN    2278    2276       2       2   99.912   99.912    0.07
nsrdb         19093  TRAIN   75106   75106     131       0  100.000   99.826   13.63
svdb            845  TRAIN    2887    2884       2       3   99.896   99.931    0.00
svdb            822  TRAIN    2334    2332       2       2   99.914   99.914    0.00
qtdb         sel116  TRAIN    1185    1183       0       2   99.831  100.000    0.00
svdb            867  TRAIN    3000    2996       1       4   99.867   99.967    0.01
svdb            850  TRAIN    1838    1835       0       3   99.837  100.000    0.57
stdb            304  TRAIN    1852    1850       1       2   99.892   99.946    0.00
mitdb           122  TRAIN    2476    2473       1       3   99.879   99.960    0.00
svdb            878  TRAIN    1911    1909       1       2   99.895   99.948    0.00
mitdb           115  TRAIN    1953    1950       0       3   99.846  100.000    0.00
mitdb           223  TRAIN    2605    2601       0       4   99.846  100.000    0.08
svdb            829  TRAIN    1967    1964       0       3   99.847  100.000    0.00
svdb            851  TRAIN    2628    2625       1       3   99.886   99.962    0.06
mitdb           220  TRAIN    2048    2045       0       3   99.854  100.000    0.00
svdb            875  TRAIN    2052    2049       0       3   99.854  100.000    0.15
svdb            825  TRAIN    2798    2794       0       4   99.857  100.000    0.00
svdb            804  TRAIN    2834    2830       0       4   99.859  100.000    0.00
svdb            858  TRAIN    2180    2178       1       2   99.908   99.954    0.00
stdb            325  TRAIN    1465    1463       0       2   99.863  100.000    0.00
mitdb           230  TRAIN    2256    2253       0       3   99.867  100.000    0.00
stdb            320  TRAIN    3135    3133       2       2   99.936   99.936    0.00
svdb            802  TRAIN    1671    1669       0       2   99.880  100.000    1.40
stdb            316  TRAIN    3351    3348       1       3   99.910   99.970    0.00
mitdb           112  TRAIN    2539    2536       0       3   99.882  100.000    0.00
stdb            300  TRAIN    2558    2555       0       3   99.883  100.000    0.00
svdb            844  TRAIN    1709    1707       0       2   99.883  100.000    0.00
svdb            880  TRAIN    3487    3483       0       4   99.885  100.000    0.00
svdb            841  TRAIN    1854    1852       0       2   99.892  100.000    0.00
svdb            827  TRAIN    1862    1860       0       2   99.893  100.000    0.00
svdb            800  TRAIN    1883    1882       1       1   99.947   99.947    0.00
svdb            864  TRAIN    1895    1893       0       2   99.894  100.000    0.01
svdb            823  TRAIN    2861    2858       0       3   99.895  100.000    0.00
svdb            882  TRAIN    1935    1933       0       2   99.897  100.000    0.00
mitdb           119  TRAIN    1987    1985       0       2   99.899  100.000    0.00
svdb            806  TRAIN    3023    3020       0       3   99.901  100.000    0.00
svdb            879  TRAIN    2062    2060       0       2   99.903  100.000    0.00
svdb            869  TRAIN    2161    2159       0       2   99.907  100.000    0.00
svdb            894  TRAIN    2347    2345       0       2   99.915  100.000    0.15
svdb            824  TRAIN    2419    2417       0       2   99.917  100.000    0.00
svdb            809  TRAIN    2544    2542       0       2   99.921  100.000    0.00
stdb            309  TRAIN    5149    5146       1       3   99.942   99.981    0.00
svdb            826  TRAIN    2661    2659       0       2   99.925  100.000    0.00
mitdb           209  TRAIN    3005    3003       0       2   99.933  100.000    0.00
mitdb           124  TRAIN    1619    1618       0       1   99.938  100.000    1.05
svdb            812  TRAIN    1842    1841       0       1   99.946  100.000    0.00
ltdb          14134  TRAIN   49632   49623      12       9   99.982   99.976    0.01

── QRS detection ─────────────────────────────────────────────
records          122  (236.32 h of signal)
reference beats  1038935
detected         1041368
TP / FP / FN     1037509 / 3859 / 1426
Sensitivity      99.8627 %
PPV (+P)         99.6294 %
F1               99.7460 %
DER              0.5087 %
fiducial offset  mean +12.38 ms  sd 13.19 ms  p5 -11.1 / p50 +15.6 / p95 +31.2 ms  (rates 128-360 Hz)
per-record F1    min 92.9913  p10 99.2789  median 99.8856  mean 99.5325

throughput       27727x realtime single-thread-equivalent  (30.68 s CPU for 850756 s signal)
wall             3.02 s
